26145 
13789 
16790 
9296 
18016 
11689 
19155 
2030 
10690 
13320 
5221 
19060 
25794 
23198 
31785 
23002 
22207 
18262 
1069 
5249 
30441 
7604 
26298 
7461 
10337 
4711 
11154 
11021 
6556 
23838 
8822 
10884 
13065 
31901 
26347 
16781 
22771 
272 
20798 
3283 
1192 
20639 
30918 
10463 
30939 
6722 
11113 
23437 
5447 
27351 
32353 
29121 
3477 
6258 
23616 
9558 
1920 
30708 
13362 
8023 
25655 
4319 
11907 
27250 
14594 
17256 
2657 
27049 
15145 
5326 
2274 
10059 
8978 
5611 
2377 
4131 
19113 
6153 
14981 
28399 
2820 
9206 
1530 
15380 
7496 
26459 
6020 
5519 
710 
3145 
9913 
29487 
14442 
12053 
25967 
27393 
14678 
26214 
14207 
6668 
5322 
4492 
6088 
1343 
6983 
